N_reads	N_unique_reads	Percent_uniquely_mapped	Mean_read_quality	Sd_read_quality	A	C	G	T	Sequence_entropy	Spatial_distribution	Longest_contig	DUST_score	Percent_high_quality_reads
refseq|NC_031338|10056nt|Moku	215	174	0.809302325581395	29.2430871454127	10.8948053568134	0.800289184499711	0.0515905147484095	0.0484094852515905	0.0995373048004627	0.707467495363662	NA	-Inf	4099.88837209302	0
refseq|NC_004812|156789nt|Macacine	2326	1575	0.677128116938951	26.7349928661193	11.5062164526178	0.0185730728124743	0.0539790633306843	0.898057055164287	0.0259790085226494	0.423002625428412	NA	-Inf	5583.84436801376	0
refseq|NC_015874|20192nt|Nam	96	29	0.302083333333333	29.1856684981685	10.9696925755804	0.793064078778364	0.0436706150991865	0.0802055087769374	0.0820607963465106	0.728156851988163	NA	-Inf	4118.76041666667	0
refseq|NC_009448|8115nt|Saffold	2749	54	0.0196435067297199	32.2608261145911	9.03854098235484	0.788187262819014	0.0851423535547922	0.0542616139997482	0.0715095052247262	0.744097977752296	NA	-Inf	3648.58166606039	0
refseq|NC_008168|104710nt|Choristoneura	80	80	1	35.1703296703297	5.55990977234121	0.158371040723982	0.294117647058824	0.16677440206852	0.380736910148675	1.31815159505484	NA	-Inf	138.2125	1
refseq|NC_008580|8380nt|Rabbit	353	89	0.252124645892351	28.8749805435358	10.9127807670158	0.829207634470792	0.0250433776749566	0.104511278195489	0.040080971659919	0.612605670650319	NA	-Inf	5076.06515580737	0
refseq|NC_001632|12226nt|Rice	50	6	0.12	31.4892307692308	9.92080059903243	0.727528881375035	0.072414764722457	0.062552831783601	0.137503522118907	0.867743783240505	NA	-Inf	3269.4	0
refseq|NC_009758|8926nt|Marine	796	196	0.246231155778894	31.9705257054503	9.41706766571939	0.8579172505347	0.0421860019175455	0.0339626816136883	0.0655284313002434	0.558481886539868	NA	-Inf	4697.51507537688	0
refseq|NC_028250|2499nt|Rosellinia	16625	11511	0.692390977443609	33.280827563414	8.12898519173238	0.773073825835945	0.0716354671258843	0.0521401935156163	0.102439386994066	0.775236421634823	NA	-Inf	3691.30484210526	0
refseq|NC_029035|3164nt|Colombian	104	11	0.105769230769231	29.6313398140321	10.829745733221	0.759003372864759	0.0688717223370689	0.0721357850070721	0.0985746926340986	0.811612907349333	NA	-Inf	3577.84615384615	0
refseq|NC_009823|9711nt|Hepatitis	3479	126	0.0362173038229376	32.5983435937446	8.83224356824612	0.070743210278094	0.0444826491338119	0.0440722068629045	0.840035933059189	0.609853979721178	NA	-Inf	4544.17821212992	0
refseq|NC_009827|9628nt|Hepatitis	133	30	0.225563909774436	28.6962736511609	11.2306371385996	0.0893634667219573	0.0914368650217707	0.0441633837860253	0.774621604810284	0.770150255356161	NA	-Inf	3803.90977443609	0
refseq|NC_001672|11141nt|Tick-borne	51	10	0.196078431372549	30.8271924154277	10.3541742406764	0.688351648351648	0.108351648351648	0.0593406593406593	0.143956043956044	0.94449425393524	NA	-Inf	2575.45098039216	0
refseq|NC_029302|6038nt|Piscine	7492	620	0.0827549386011746	31.4750708447986	9.77059030892616	0.788302129968797	0.052336860670194	0.0558777642110975	0.102994844661511	0.737212561250263	NA	-Inf	3817.39495461826	0
refseq|NC_038425|9531nt|Non-primate	1111	202	0.181818181818182	31.3660695739904	9.75468021026909	0.0470063025210084	0.0617121848739496	0.044137847446671	0.846335649644473	0.594537270269021	NA	-Inf	5557.00720072007	0
refseq|NC_043054|137452nt|Bubaline	90538	32169	0.355309372860015	25.0461487969716	11.8404364124153	0.0253855378434323	0.439176032757276	0.508556833745306	0.0246866430901078	0.889886402352864	NA	-Inf	4499.4435043849	0
refseq|NC_043403|11964nt|Una	910	87	0.0956043956043956	33.2613935515034	8.32253684209499	0.719047619047619	0.11716378859236	0.0513343799058085	0.111302982731554	0.885179995168897	NA	-Inf	3597.2978021978	0
refseq|NC_004102|9646nt|Hepatitis	157	47	0.299363057324841	25.7690207881291	11.8813955599016	0.073403720462544	0.100409394527042	0.0635638870932989	0.761114702291173	0.805431385145946	NA	-Inf	3413.65605095541	0
refseq|NC_040589|11413nt|Diatom	8773	1033	0.117747634788556	32.0850912452417	9.17943175824926	0.885434796417455	0.0484786889411167	0.031321857333418	0.034186622625929	0.478356350937584	NA	-Inf	5029.72130400091	0
refseq|NC_040615|166748nt|Eptesicus	5185	760	0.146576663452266	28.3169624974832	11.0784236792945	0.0307774417363458	0.842883144253007	0.0905313864217974	0.0333857922899019	0.582167768006548	NA	-Inf	4931.5118611379	0
refseq|NC_040361|41178nt|Planarian	2277	135	0.0592885375494071	32.8107592890202	8.67860491790844	0.792617638771485	0.092739738893585	0.0464168310322156	0.0675307598384522	0.729257946279643	NA	-Inf	4017.76635924462	0
refseq|NC_018464|927nt|Shamonda	300	300	1	36.231684981685	3.99012294086545	0.126965342349958	0.388757396449704	0.271513102282333	0.207692307692308	1.30974751703297	NA	-Inf	108.283333333333	1
refseq|NC_006553|8289nt|anativirus	4575	2929	0.640218579234973	31.5010964991293	9.82529933498468	0.739350979303228	0.0601837478081012	0.0511013061749234	0.148869832912809	0.827930972609622	NA	-Inf	3450.57989071038	0
refseq|NC_028094|473558nt|Chrysochromulina	272	203	0.746323529411765	29.9883645765999	10.623723757916	0.154014567807671	0.0516609826954655	0.0554081933392278	0.738916256157635	0.825062341051313	NA	-Inf	3166.55514705882	0
refseq|NC_032104|7599nt|Arachis	1952	1312	0.672131147540984	32.494950234192	9.05533399472626	0.706117343748006	0.149557759313857	0.054268611759901	0.0896223404934206	0.90419194141011	NA	-Inf	3267.88319672131	0
refseq|NC_036600|2374nt|Rosellinia	78	65	0.833333333333333	29.741617357002	10.7839147604814	0.774225774225774	0.0613672042243471	0.0473811902383331	0.116169544740973	0.763955542074085	NA	-Inf	3472	0
refseq|NC_037663|3960nt|Botrytis	90	10	0.111111111111111	31.8549450549451	9.79527696469842	0.654815772462831	0.171816418875242	0.0638655462184874	0.109502262443439	0.997765813377001	NA	-Inf	2573.65555555556	0
refseq|NC_024112|2847nt|Jingmen	2499	2010	0.804321728691477	31.7983852881812	9.5035883195712	0.753050434560599	0.107411465591524	0.0540621044009234	0.084858993861898	0.820286860468961	NA	-Inf	3423.19087635054	0
refseq|NC_020100|2796nt|Aspergillus	563	73	0.129662522202487	31.6604532235083	9.67531256634551	0.768772893772894	0.119251119251119	0.047975172975173	0.0627289377289377	0.77514283853761	NA	-Inf	3697.40674955595	0
refseq|NC_020235|1828nt|Rosellinia	423	287	0.678486997635934	31.7219754241031	9.7716080315104	0.669274725274725	0.0802051282051282	0.0541831501831502	0.196014652014652	0.948508940192841	NA	-Inf	2632.31442080378	0
refseq|NC_024502|3869nt|Gentian	2451	1271	0.518563851489188	32.1247976829372	9.4438424692115	0.647305698465722	0.0744324087572154	0.0542913362663511	0.223519490622406	0.967963644369636	NA	-Inf	2662.75071399429	0
refseq|NC_021095|2348nt|White	480	198	0.4125	27.7269688644689	11.46529969761	0.731711495631317	0.0829193078636286	0.0630950341418047	0.121980469419222	0.865996445000184	NA	-Inf	3032.42916666667	0
refseq|NC_021097|2353nt|Red	38243	34800	0.909970452108883	34.3290904634419	6.89703301551543	0.78663210378786	0.0604933065429679	0.0540975202374751	0.0979667435649377	0.743874535313614	NA	-Inf	3657.8038072327	0
refseq|NC_021099|2349nt|Hop	1588	1095	0.689546599496222	28.3029174855371	11.2308273133662	0.772446364869618	0.0664580357591461	0.0530214396968153	0.107758342245605	0.775418054386464	NA	-Inf	3355.1725440806	0
refseq|NC_021148|2354nt|Dill	846	79	0.0933806146572104	32.633725612449	8.75899581724059	0.767002756693478	0.0683131301688003	0.0561534685246025	0.107473282731015	0.788211487602235	NA	-Inf	3528.82387706856	0
refseq|NC_022332|7539nt|Eel	61	51	0.836065573770492	31.0983606557377	10.2593951236443	0.681514913657771	0.0798665620094191	0.0555337519623234	0.183084772370487	0.934550134442165	NA	-Inf	2494.3606557377	0
refseq|NC_010989|2794nt|Alternaria	491	101	0.205702647657841	32.2617667464918	9.33725316624399	0.731403909621731	0.0805135458600805	0.0526239437130526	0.135277263990135	0.857183749400254	NA	-Inf	3152.0183299389	0
refseq|NC_004006|2293nt|Broad	11239	1998	0.177773823293887	32.1748659739584	9.09954916664926	0.816456930166608	0.0642857142857143	0.0462114498404821	0.0722926267281106	0.673982417605033	NA	-Inf	3964.28223151526	0
refseq|NC_013110|2344nt|Primula	1385	533	0.384837545126354	29.745261236958	10.6100520877098	0.790038282519485	0.0806824754193175	0.0526591203282933	0.0757801096146961	0.739818639969628	NA	-Inf	3824.08664259928	0
refseq|NC_001782|1801nt|Saccharomyces	9688	3324	0.343104872006606	32.8787976061923	8.672240018855	0.832457359243074	0.0386816368959226	0.0364170096312953	0.0920144045144045	0.618626446349602	NA	-Inf	4942.6975639967	0
refseq|NC_001479|7835nt|Encephalomyocarditis	18659	17116	0.917305321828608	24.7958260722074	11.9217636077864	0.0545363343334603	0.892555246950851	0.0276265717939429	0.0237460482599959	0.4480634632322	NA	-Inf	5454.59210032692	0
refseq|NC_004560|5784nt|Oyster	2234	391	0.175022381378693	32.3839906736057	9.10899145313452	0.776851550816048	0.0586644125105664	0.0553221926002991	0.108680668443982	0.763861452416142	NA	-Inf	3876.78111011638	0
refseq|NC_003988|7374nt|Enterovirus	172	27	0.156976744186047	32.3219396882188	9.21279104695751	0.738386613386613	0.0942807192807193	0.0558191808191808	0.109140859140859	0.849419085981858	NA	-Inf	3441.57558139535	0
refseq|NC_013220|3220nt|Phytophthora	53	29	0.547169811320755	28.5185569147833	11.2560605285408	0.73673135375263	0.0598550385784428	0.108721066167875	0.0946925415010521	0.858087011607734	NA	-Inf	3433.01886792453	0
refseq|NC_013221|2896nt|Phytophthora	528	342	0.647727272727273	29.0702838827839	10.9040888652403	0.830586080586081	0.03030058177117	0.0794817927170868	0.0593891402714932	0.629084877387439	NA	-Inf	4964.82196969697	0
refseq|NC_008310|6485nt|Hibiscus	6026	285	0.047295054762695	34.0255322175335	7.38484390822726	0.860460294422559	0.0389502680607802	0.0322561535499541	0.0677779094221143	0.548923259915125	NA	-Inf	6060.90507799535	0
refseq|NC_038838|2354nt|Crimson	1167	1075	0.921165381319623	34.1472263811595	7.20750087143463	0.79920505026888	0.0497077390694412	0.0517652560205752	0.098106149169979	0.709386842021802	NA	-Inf	3938.68980291345	0
refseq|NC_038828|1866nt|Heterobasidion	27393	7614	0.277954221881503	30.4693940017563	10.3242044210416	0.818127187973866	0.0447207817735927	0.0452618080386394	0.0915017690997248	0.662105976208627	NA	-Inf	4595.97627131019	0
refseq|NC_023162|7697nt|Carp	4540	859	0.18920704845815	32.6352059834439	9.00782736519357	0.714344794989956	0.0690868271513433	0.0515022611796805	0.164684777588003	0.874733084435915	NA	-Inf	3346.69383259912	0
refseq|NC_043566|1034nt|Anhembi	629	101	0.160572337042925	30.6588864235923	10.4211725760504	0.691253191253191	0.0936840936840937	0.0582935582935583	0.156639656639657	0.933137740380406	NA	-Inf	2745.07790143084	0
refseq|NC_043569|998nt|Iaco	7634	1569	0.205527901493319	31.8804120951095	9.49120209435972	0.772026963535277	0.0610790634543604	0.045522173788207	0.120970478452664	0.766660994210621	NA	-Inf	3755.85066806392	0
refseq|NC_028095|1705nt|Torulaspora	4032	394	0.097718253968254	31.9241071428571	9.4737371942851	0.798800332257581	0.0550539918569658	0.0501382137069869	0.0952040524531231	0.713028457102164	NA	-Inf	4051.41790674603	0
refseq|NC_031032|24320nt|Bacillus	4523	115	0.0254256024762326	33.7176652664161	7.75462631932726	0.86301775147929	0.0379332206255283	0.0337630318399549	0.0647506339814032	0.542893036316082	NA	-Inf	5741.63674552288	0
refseq|NC_054922|164987nt|Escherichia	153	87	0.568627450980392	29.3866982690512	10.9135309818388	0.123495552066981	0.0628815628815629	0.0575614861329147	0.756061398918542	0.808010986816715	NA	-Inf	3668.18954248366	0
refseq|NC_049835|54438nt|Klebsiella	153	68	0.444444444444444	21.890756302521	11.9311847921998	0.0862754267009586	0.0912633465824955	0.77390694411971	0.0476190476190476	0.773210381269002	NA	-Inf	3352.61437908497	0
refseq|NC_041831|27985nt|Campylobacter	17562	4707	0.268021865391185	31.6150054250498	9.4368068688181	0.093595270494334	0.0533798927399344	0.0878906473339356	0.76422367954626	0.7973424835875	NA	-Inf	3445.29711877918	0
refseq|NC_071130|47333nt|Klebsiella	661	247	0.373676248108926	31.8309421289754	9.65440376520848	0.742274819197896	0.0710998403306096	0.050280204126358	0.136157290003444	0.83102406876123	NA	-Inf	3475.87291981846	0
refseq|NC_070989|77359nt|Escherichia	131	35	0.267175572519084	29.8687190671923	10.779351786849	0.7670675780912	0.0651553171238211	0.0645496236047417	0.102016094142078	0.791100368661459	NA	-Inf	3637.03816793893	0
refseq|NC_041925|54836nt|Proteus	202499	29622	0.146282203862735	36.3916672712914	3.29874130367875	0.228219979923704	0.198278007529746	0.253527913540304	0.316604851746312	1.37005235795838	NA	-Inf	89.3729648047645	0.999950617040084
refseq|NC_074405|3924nt|ssRNA	59	59	1	36.4844477556342	2.99381352275247	0.255846717385179	0.187658495350803	0.33643279797126	0.218934911242604	1.361794942397	NA	-Inf	82.5254237288136	1
refseq|NC_074583|4387nt|ssRNA	86	86	1	36.298747763864	3.57240985466722	0.242700156985871	0.217268445839874	0.336263736263736	0.203767660910518	1.36596147618962	NA	-Inf	86.2558139534884	1
refseq|NC_075016|11948nt|Ross	526	460	0.874524714828897	32.2873856181841	9.28086390570577	0.719204604918891	0.0876330019187162	0.0538287109715681	0.138775510204082	0.881759835087736	NA	-Inf	3279.01140684411	0
refseq|NC_075562|114546nt|Phocid	773	138	0.178525226390686	28.7120822256657	10.9750258661534	0.0392127074154724	0.782009081548252	0.12644958727908	0.0505055620262994	0.73156729921713	NA	-Inf	3914.20439844761	0
refseq|NC_075036|1385869nt|Bodo	619	534	0.862681744749596	31.4959789806316	9.65493757325095	0.12771327612317	0.0532365161340426	0.0375101929872248	0.781307032190424	0.734940843731251	NA	-Inf	4393.48465266559	0
refseq|NC_076658|14102nt|Alternaria	89	12	0.134831460674157	28.8792443511545	11.2545147548849	0.725785842064912	0.122923588039867	0.0612062356248403	0.0900843342703808	0.878099861136674	NA	-Inf	3002.85393258427	0
refseq|NC_077096|8780nt|Agapanthus	125	71	0.568	31.2337582417582	10.1676099264056	0.693819941526364	0.112410525254562	0.04889605807037	0.144369392075814	0.926285875332166	NA	-Inf	2941.48	0
refseq|NC_077095|13118nt|Bemisia	1925	890	0.462337662337662	30.7973683459398	10.2614445283261	0.753927631304057	0.0572953662307275	0.0531379267120712	0.135022771904901	0.803102002185981	NA	-Inf	3457.15948051948	0
refseq|NC_076479|2063nt|Bat	1001	511	0.510489510489511	31.8419163254328	9.53779315378784	0.0765823323962859	0.0504585853423063	0.105801175568617	0.766135673112417	0.789214935538229	NA	-Inf	3574.49150849151	0
refseq|NC_079175|53040nt|Escherichia	822	84	0.102189781021898	32.9493462741638	8.5982953962541	0.744221295945434	0.112037387899457	0.0707970190728811	0.0719338133131237	0.841893261257254	NA	-Inf	3697.6399026764	0
refseq|NC_076609|7794nt|Neurospora	6225	1003	0.161124497991968	31.5181817379408	9.7098385780325	0.812753841447632	0.0309574793514836	0.0404922700425912	0.115306962844436	0.655012904002466	NA	-Inf	4722.97108433735	0
